k = 0.008;



%%